26709
26710
26712
26713
26715
26717
26718
26719
26720
26721
9904
9907
39407
39408
39409
39410
39411
39445
10304
10305
10306
10307
10308
10309
10310
10311
10312
10313
10314
10315
10316
10317
10318
10319
10325
10326
10327
10328
10329
10330
10331
10332
10402
10403
10405
10404
10406
10407
10408
10409
10411
10413
10414
10415
10416
10417
10419
10418
10420
10421
10423
10425
10424
10426
10427
10428
10804
10815
10806
10807
10808
10809
10810
10811
10812
10813
10814
10820
10821
10822
10823
10824
10825
10833
10840
10841
10842
10843
10844
10846
10850
10853
10854
11003
11004
11005
11006
11007
11008
11009
11010
11011
11012
11013
11014
11015
11016
11017
11506
11508
11510
11512
11514
11515
11516
11517
11518
11519
11520
11521
11522
11523
11524
11530
11531
11532
11602
11603
11604
11605
11608
11616
11656
11617
11657
11618
11658
11619
11659
11620
11660
13204
13205
13206
13207
13208
13209
13210
13211
13212
13213
13214
13215
1402
1403
1404
1405
1407
1408
1409
1410
14302
14303
14305
14306
14308
14312
14314
14316
14317
14318
14319
14403
14404
14501
14502
14503
14504
14505
14506
14510
14511
14513
14514
14515
14517
14941
14961
14965
15701
15850
15851
15855
15856
16001
16003
16004
16006
16007
16008
16009
16011
16205
16212
16213
16214
16215
16216
16217
1704
1705
1706
1707
1708
1709
17202
17203
17204
17205
17206
17207
17208
17209
17210
17211
17212
17213
17214
17215
17216
17217
17218
17219
17220
17221
17222
17223
17224
17230
17231
17701
17703
17704
19106
19107
19112
19113
19114
19115
19303
19305
19306
19307
19311
19312
19322
19404
19405
19435
19465
19406
19501
19502
19503
19504
19505
19506
19701
19702
19703
19704
21401
21402
21403
21404
22505
22506
22508
22515
22516
22517
22518
22541
22542
22546
22552
22555
22557
22558
22559
22569
22561
22562
22563
22564
22565
22566
22567
22601
22602
22603
22604
22605
22606
22607
22608
22609
22610
22611
22612
22613
22614
22615
22616
22617
22618
22619
22624
22625
22626
22627
23201
23401
23601
23602
23603
24201
24202
24203
24204
24206
24207
24208
24209
24211
24212
24213
24214
24216
24217
24218
24219
24221
24222
24223
24224
24225
24226
24227
24228
24229
24230
24231
24232
24233
24234
24235
24236
24237
24238
24239
24240
24241
24242
24243
24244
24246
24247
24248
24249
24251
24252
24253
24254
24256
24257
24258
24259
24261
24262
24263
24264
24266
24267
24268
24269
24271
24272
24273
24274
24276
24277
24278
24279
24301
24302
24303
24304
24305
24306
24307
24308
24309
24310
24311
24312
24313
24314
24315
24316
24317
24318
24319
24320
24321
24322
24323
24324
24325
24326
24327
24328
24329
24330
24331
24332
24333
24334
24335
24336
24337
24338
24339
24340
24341
24342
24343
24344
24345
24346
24347
24348
24349
24350
24351
24352
24353
24354
24355
24356
24357
24358
24359
24360
24361
24362
24363
24364
24365
24366
24367
24368
24369
24370
24371
24372
24373
24374
24375
24376
24377
24378
24379
24380
24381
24382
24383
24384
24385
24386
24387
24388
24389
24390
24391
24392
24393
24394
24395
24396
24401
24402
24403
24406
24407
24408
24411
24412
24413
24416
24417
24418
24421
24422
24423
24426
24427
24428
24431
24432
24433
24436
24437
24438
24441
24442
24443
24446
24447
24448
24451
24452
24453
24456
24457
24458
24461
24462
24463
24471
24472
24473
24476
24477
24478
24481
24482
24483
24716
24717
24718
24726
24727
24728
24801
24802
24803
24804
24901
24902
24903
24916
24917
24918
24921
24922
24923
24926
24927
24928
24931
24932
24933
25001
25002
25003
25006
25007
25008
25011
25012
25013
25016
25017
25018
25021
25022
25023
25026
25027
25028
25031
25032
25033
25036
25037
25038
25041
25042
25043
25046
25047
25048
25051
25052
25053
25231
25232
25233
25235
25236
25237
25402
25601
25602
25603
25604
25605
25606
25607
25801
26101
26711
26714
26722
27001
27002
27003
27011
27012
27013
2905
2906
2907
2911
2915
2919
2920
2921
2922
2923
2925
2929
29701
29702
29703
29711
29712
29713
29801
29802
29803
29806
29820
30101
30106
30107
30123
30124
30401
30402
30403
30404
30406
30407
30408
30480
31402
31801
31802
31805
31806
31807
31808
31820
31821
31825
31826
31827
31828
31831
31832
31834
31841
31842
31845
31848
31855
31857
31861
31862
31870
31880
31887
31888
31889
32601
32602
32605
32606
32607
32608
32609
32610
33201
33202
33203
33204
33205
33206
33207
33208
33209
33210
33211
33212
33213
33214
33215
33216
33217
33218
33219
33220
33233
33234
33235
33236
33249
33250
33251
33252
33266
33267
33268
33269
33270
33271
33272
33273
33274
33275
33276
33277
33278
33279
33280
33281
33282
33283
33284
33285
33286
33287
33288
33289
33290
33291
33292
33293
33294
33295
33296
33297
33403
33433
33404
33434
33405
33435
33406
33436
33407
33437
33408
33438
33409
33439
34201
34210
34211
34212
34213
34214
34221
34222
34223
34224
34601
34602
34605
34606
34607
34608
34906
34935
35101
35102
35103
35104
35105
35108
35109
35110
35111
35112
35114
35115
35116
35117
35118
35121
35122
35123
35124
35125
35128
35129
35130
35131
35132
35141
35142
35143
35144
35145
35148
35149
35150
35151
35152
35154
35155
35156
35157
35161
35162
35163
35164
35165
35168
35169
35170
35171
35172
35181
35182
35183
35184
35185
35191
35192
35193
35194
35195
35196
35704
35780
36001
36006
36007
36304
36305
36306
36401
36407
36801
36802
36803
37604
37610
37611
37617
37621
38001
38002
38003
38004
38005
38006
38107
38158
38161
38501
38502
38503
39114
39305
39401
39402
39403
39404
39405
39406
39412
39413
39414
39415
39417
39418
39419
39420
39421
39422
39423
39424
39425
39426
39427
39428
39429
39430
39431
39432
39433
39434
39435
39436
39437
39438
39439
39440
39441
39442
39443
39444
39505
39506
39507
39508
39511
39512
39513
39514
39526
39527
39541
39542
39546
39547
39551
39552
40401
40402
40501
40701
40702
40703
40704
40705
40706
40707
40708
40709
40710
40801
40802
40803
40804
40805
40806
40807
40808
40809
40810
43910
44101
44102
44111
44112
44115
44116
44131
44132
44141
44142
44144
44145
44148
44149
44151
44152
44161
44162
44165
44166
44235
44402
44603
45001
45911
45912
45913
45916
45917
45918
45921
45922
45926
45927
45928
45931
45932
46001
46002
46401
46402
46501
46502
46503
46504
46811
46812
46871
46872
46901
46902
46903
46921
46922
46923
46931
46932
46933
47026
47401
47403
47404
47405
47406
47408
47410
47411
48001
48201
48301
48302
48801
48802
48804
48806
48901
48913
49301
49302
49303
50104
50113
50120
50167
50201
50250
50302
50401
50403
50410
50503
50510
50516
50601
50602
50606
50607
50611
50612
50616
50617
50621
50622
50626
50627
51001
51002
51003
51101
51102
52301
52302
52303
52304
52305
52306
52307
52308
52401
52402
52403
52404
52405
52406
52407
52408
52409
52410
52411
52412
52852
54001
54002
54003
54014
54015
54016
54017
54018
54021
54042
54043
54044
54045
54046
54047
54048
54051
54052
54053
54054
54055
54056
54058
54061
54062
54063
54064
54065
54067
54068
54073
54074
54075
54077
54078
57191
57192
57193
59901
59902
59903
59904
59911
59912
59913
59916
59917
59931
59932
59933
59934
59937
59938
59939
59940
6103
6104
6105
6106
6109
6110
6111
6112
6113
6122
6123
6124
6125
6201
6202
6203
6204
6205
6206
6207
6208
6209
6210
6211
6212
6213
6214
6215
6216
6217
6218
6219
6220
6226
6227
6313
6314
6327
6328
64701
64702
64703
64704
64705
64706
64707
65001
65002
9101
9102
9103
9104
9105
9106
9108
9109
9110
9111
9204
9205
9206
9208
9209
9210
9211
9212
9213
9214
9215
9216
9217
9218
9219
9223
9224
9225
9226
9227
9228
9229
9230
9231
9232
9233
9234
9235
9401
9402
9412
9413
9421
9451
9454
9801
9806
9905
9908
9906
9909
9910
9911
9912
9921
9922
9924
59918
9822
9827
47151
47152
50519
59919
9841
9846
9823
9828
15408
15410
15403
15409
48002
34907
50159
48807
50227
13218
50344
22918
22919
9844
9849
47311
47313
47314
47312
50141
10832
34505
9824
9829
2909
50205
50406
9843
9848
34508
50418
50312
47141
47142
47144
47143
50419
19410
19411
19441
19471
50408
39557
39556
43013
43014
50517
50223
19313
34507
34518
56321
56322
50417
9803
9808
50139
50172
50518
34506
14201
50389
50409
15810
15811
15812
57181
57183
57182
34940
34520
50357
24702
24701
50169
50157
50352
9802
9807
22830
22831
49229
44404
35001
35004
35003
35002
34521
50243
22811
22810
50177
34509
11811
11806
11809
50178
34501
50162
19301
22531
50202
16510
16509
43017
43018
50153
22835
22836
19314
34511
2924
50420
34510
39115
50309
47341
47342
47344
47343
11816
11814
16513
16514
19101
47704
47115
47116
50143
47131
47133
47134
47132
16515
16516
